14,28
14,27
14,26
14,25
14,24
14,23
14,22
14,21
14,20
14,19
14,18
14,17
14,16
14,15
14,14
14,13
14,8
14,7
14,2
14,1
14,0
13,4
13,3
13,2
13,1
13,0
12,8
12,7
12,6
12,5
12,4
12,3
12,2
12,1
12,0
11,5
11,4
11,3
11,2
11,1
11,0
10,4
10,3
10,2
10,1
10,0
9,5
9,4
9,3
9,2
9,1
9,0
8,5
8,4
8,3
8,2
8,1
8,0
7,5
17,10
7,4
17,9
14,12
7,3
17,7
14,5
7,2
7,1
14,4
17,3
7,0
6,5
6,4
6,3
6,2
6,1
14,30
6,0
14,3
5,6
5,5
5,4
5,3
5,2
5,1
5,0
4,3
4,2
4,1
4,0
3,6
3,5
3,4
3,3
3,2
3,1
3,0
2,5
2,4
2,3
2,2
2,1
2,0
1,3
1,2
1,1
1,0
0,410
0,324
0,243
0,9
0,1
0,0
0,310
0,300
0,309
0,299
0,446
0,298
0,416
0,297
0,459
0,296
0,308
0,295
0,325
0,294
0,405
0,293
0,504
0,292
0,435
0,291
0,290
0,429
0,289
0,323
0,288
0,458
0,287
0,425
0,286
0,419
0,285
0,404
0,284
0,489
0,283
0,320
0,282
0,281
0,503
0,280
0,487
0,279
0,401
0,278
0,477
0,277
0,318
0,276
0,411
0,275
0,413
0,274
0,307
0,273
0,511
0,272
0,406
0,271
0,456
0,270
14,29
14,31
14,33
14,34
14,36
14,37
14,65
14,67
14,68
14,70
14,71
14,73
14,75
14,76
14,78
14,79
14,81
14,82
14,84
14,86
14,87
14,89
14,90
14,92
14,96
14,97
14,99
14,100
14,102
14,103
14,105
14,107
14,108
14,110
14,111
14,113
14,115
14,116
14,118
14,119
15,0
15,1
15,3
15,5
15,6
15,8
15,9
15,11
16,0
16,1
16,3
16,4
16,6
16,8
16,9
16,11
16,12
16,14
16,15
16,17
16,21
16,24
16,26
16,27
16,29
16,31
16,32
16,34
16,35
16,37
16,38
16,64
16,67
16,68
16,70
16,72
17,0
17,2
17,4
17,6
17,8
17,5
17,1
16,73
16,69
16,66
16,39
16,36
16,33
16,30
16,28
16,25
16,20
16,16
16,13
16,10
16,7
16,5
16,2
15,12
15,10
15,7
15,4
15,2
14,120
14,117
14,114
14,112
14,109
14,106
14,104
14,101
14,98
14,95
14,91
14,88
14,85
14,83
14,80
14,77
14,74
14,72
14,69
14,66
14,64
14,35
14,32
0,400
0,269
0,398
0,268
0,403
0,267
0,510
0,266
0,394
0,265
0,445
0,264
0,402
0,263
0,455
0,262
0,399
0,261
0,509
0,260
0,397
0,259
0,388
0,258
0,476
0,257
0,393
0,256
0,443
0,255
0,395
0,254
0,426
0,253
0,481
0,252
0,475
0,251
0,390
0,250
0,508
0,249
0,454
0,248
0,385
0,247
0,376
0,246
0,396
0,245
0,391
0,244
0,474
0,242
0,372
0,241
0,389
0,240
0,370
0,239
0,392
0,238
0,501
0,237
0,386
0,236
0,500
0,235
0,499
0,234
0,384
0,233
0,363
0,232
0,362
0,231
0,383
0,230
0,387
0,229
0,359
0,228
0,498
0,227
0,497
0,226
0,472
0,225
0,486
0,224
0,319
0,223
0,417
0,222
0,352
0,221
0,316
0,220
0,485
0,219
0,349
0,218
0,415
0,217
0,507
0,216
0,414
0,215
0,470
0,214
0,315
0,213
0,343
0,212
0,469
0,211
0,313
0,210
0,340
0,209
0,496
0,208
0,412
0,207
0,434
0,206
0,480
0,205
0,409
0,204
0,506
0,203
0,495
0,202
0,335
0,201
0,494
0,200
0,479
0,199
0,351
0,198
0,478
0,197
0,468
0,196
0,484
0,195
0,467
0,194
0,451
0,193
0,350
0,192
0,502
0,63
0,312
0,62
0,336
0,61
0,466
0,60
0,450
0,59
0,493
0,58
0,483
0,57
0,465
0,56
0,440
0,55
0,449
0,54
0,311
0,53
0,492
0,52
0,408
0,51
0,463
0,50
0,491
0,49
0,462
0,48
0,448
0,47
0,461
0,46
0,407
0,45
0,505
0,6
0,5
0,304
0,303
0,306
0,305
0,302
0,12
0,10
0,8
0,11
0,4
0,2
0,3
0,7
